step, predict
10,9324.35
20,3546.74
30,1142.99
40,828.093
50,1046.56
60,962.881
70,739.979
80,586.892
90,485.098
100,434.146
110,415.725
120,377.711
130,346.896
140,318.418
150,292.871
160,269.244
170,244.179
180,232.075
190,213.88
200,196.218
210,183.824
220,172.276
230,158.155
240,151.186
250,138.879
260,133.333
270,124.052
280,117.649
290,114.155
300,109.001
310,102.28
320,97.5984
330,93.5793
340,90.9822
350,85.0141
360,82.0656
370,78.9173
380,75.4282
390,73.0789
400,70.9866
410,66.5339
420,66.1223
430,64.4834
440,62.7157
450,59.8552
460,56.861
470,56.7513
480,54.1682
490,52.265
500,51.7036
510,48.8121
520,47.8997
530,47.3214
540,46.0362
550,44.8273
560,41.6313
570,41.5192
580,40.3989
590,39.5974
600,38.6277
610,37.6709
620,35.6457
630,35.7359
640,33.9404
650,33.4959
660,31.4501
670,31.3084
680,30.4095
690,28.9837
700,28.35
710,27.2026
720,27.2583
730,26.3906
740,25.6024
750,25.1139
760,24.6014
770,24.047
780,22.9001
790,22.2096
800,21.7669
810,20.6802
820,20.3756
830,19.6929
840,18.0514
850,18.4226
860,18.739
870,17.6275
880,17.3027
890,16.6169
900,15.9267
910,15.9552
920,15.5091
930,14.7099
940,14.9201
950,14.2154
960,13.9287
970,13.4849
980,13.0254
990,12.5422
1000,12.4806
1010,11.8141
1020,11.6062
1030,11.301
1040,10.8723
1050,10.7631
1060,10.2769
1070,10.1328
1080,9.7668
1090,9.75681
1100,9.23091
1110,9.08964
1120,8.75338
1130,8.47706
1140,8.29776
1150,8.16339
1160,7.87706
1170,7.68513
1180,7.53738
1190,7.20892
1200,7.17168
1210,6.91049
1220,6.61326
1230,6.57358
1240,6.18722
1250,6.09475
1260,5.85004
1270,5.85241
1280,5.60796
1290,5.52356
1300,5.35514
1310,5.27953
1320,5.1247
1330,4.91294
1340,4.80592
1350,4.55704
1360,4.36073
1370,4.37841
1380,4.1859
1390,4.10463
1400,4.09424
1410,3.78108
1420,3.73551
1430,3.66918
1440,3.55697
1450,3.44401
1460,3.40513
1470,3.25388
1480,3.18852
1490,3.08152
1500,3.0003
1510,2.90329
1520,2.85925
1530,2.75487
1540,2.68882
1550,2.59161
1560,2.53497
1570,2.42768
1580,2.34455
1590,2.29713
1600,2.18204
1610,2.14946
1620,2.09692
1630,2.03072
1640,1.95548
1650,1.91429
1660,1.85603
1670,1.79624
1680,1.70411
1690,1.73499
1700,1.61002
1710,1.59151
1720,1.58623
1730,1.47191
1740,1.45149
1750,1.4026
1760,1.32873
1770,1.31661
1780,1.25846
1790,1.25634
1800,1.1798
1810,1.15796
1820,1.11608
1830,1.10039
1840,1.02676
1850,1.02194
1860,0.993192
1870,0.936982
1880,0.909411
1890,0.906691
1900,0.8757
1910,0.828956
1920,0.812548
1930,0.803034
1940,0.753832
1950,0.720104
1960,0.711245
1970,0.68695
1980,0.669877
1990,0.616503
2000,0.616681
2010,0.594506
2020,0.567228
2030,0.571732
2040,0.536463
2050,0.514597
2060,0.505026
2070,0.479222
2080,0.474676
2090,0.459054
2100,0.441205
2110,0.418285
2120,0.398616
2130,0.387933
2140,0.37438
2150,0.365489
2160,0.354879
2170,0.345956
2180,0.327964
2190,0.317211
2200,0.303241
2210,0.293612
2220,0.287905
2230,0.277532
2240,0.263724
2250,0.252995
2260,0.24678
2270,0.237157
2280,0.226141
2290,0.21368
2300,0.209573
2310,0.205343
2320,0.196011
2330,0.187094
2340,0.177328
2350,0.172345
2360,0.169245
2370,0.161127
2380,0.153334
2390,0.148062
2400,0.140368
2410,0.137746
2420,0.130957
2430,0.126071
2440,0.121343
2450,0.118524
2460,0.112281
2470,0.107908
2480,0.103228
2490,0.0963107
2500,0.0929637
2510,0.0927353
2520,0.0860435
2530,0.0824266
2540,0.0785145
2550,0.0773759
2560,0.0745649
2570,0.0715666
2580,0.0664197
2590,0.0642036
2600,0.0614097
2610,0.0600138
2620,0.0564063
2630,0.0543413
2640,0.0517339
2650,0.0501265
2660,0.0479446
2670,0.0461245
2680,0.0443215
2690,0.0413392
2700,0.0400924
2710,0.0380906
2720,0.0363943
2730,0.0344008
2740,0.0332156
2750,0.0311751
2760,0.0298034
2770,0.0286468
2780,0.0280933
2790,0.0260849
2800,0.0250543
2810,0.0235868
2820,0.0223546
2830,0.0213292
2840,0.0204908
2850,0.0196662
2860,0.018185
2870,0.0174319
2880,0.0170998
2890,0.0159425
2900,0.0150527
2910,0.0140618
2920,0.0140083
2930,0.013031
2940,0.0124667
2950,0.0120442
2960,0.0113528
2970,0.0106599
2980,0.0101938
2990,0.00965221
3000,0.00911482
3010,0.0085867
3020,0.00817655
3030,0.00769727
3040,0.0073624
3050,0.00700227
3060,0.00644624
3070,0.00628464
3080,0.00594463
3090,0.00562287
3100,0.00522057
3110,0.00500495
3120,0.00479109
3130,0.00452552
3140,0.00411224
3150,0.00402396
3160,0.00381881
3170,0.00363367
3180,0.00335614
3190,0.00318701
3200,0.00300449
3210,0.00280179
3220,0.00268289
3230,0.00256573
3240,0.00239908
3250,0.00226806
3260,0.00216215
3270,0.00198747
3280,0.00188273
3290,0.00180962
3300,0.00164918
3310,0.00157747
3320,0.0014472
3330,0.00136415
3340,0.00128744
3350,0.00121407
3360,0.00115668
3370,0.00103651
3380,0.00101347
3390,0.000963269
3400,0.000876967
3410,0.000832493
3420,0.00078612
3430,0.000724791
3440,0.000672745
3450,0.000634205
3460,0.000600917
3470,0.000549786
3480,0.000508396
3490,0.000478874
3500,0.000446368
3510,0.000431433
3520,0.000398566
3530,0.000369637
3540,0.000344514
3550,0.000328995
3560,0.000291138
3570,0.000284313
3580,0.000260909
3590,0.000243088
3600,0.000224103
3610,0.000212822
3620,0.000196688
3630,0.000179361
3640,0.000171437
3650,0.000157789
3660,0.000147678
3670,0.000136556
3680,0.000129633
3690,0.000117143
3700,0.000109497
3710,0.000102175
3720,9.2292e-05
3730,8.57792e-05
3740,8.01496e-05
3750,7.4987e-05
3760,6.90557e-05
3770,6.3415e-05
3780,5.84765e-05
3790,5.33484e-05
3800,4.99282e-05
3810,4.59771e-05
3820,4.23914e-05
3830,3.93485e-05
3840,3.65461e-05
3850,3.32122e-05
3860,3.09161e-05
3870,2.75296e-05
3880,2.614e-05
3890,2.39648e-05
3900,2.15125e-05
3910,2.02245e-05
3920,1.90363e-05
3930,1.74859e-05
3940,1.56614e-05
3950,1.42788e-05
3960,1.3421e-05
3970,1.21197e-05
3980,1.09115e-05
3990,1.00831e-05
4000,9.35808e-06
4010,8.55822e-06
4020,7.80515e-06
4030,7.12601e-06
4040,6.60161e-06
4050,6.00585e-06
4060,5.42343e-06
4070,5.13513e-06
4080,4.57487e-06
4090,4.17395e-06
4100,3.78842e-06
4110,3.47427e-06
4120,3.16037e-06
4130,2.80689e-06
4140,2.61806e-06
4150,2.31184e-06
4160,2.20151e-06
4170,1.96015e-06
4180,1.79767e-06
4190,1.60115e-06
4200,1.4715e-06
4210,1.29936e-06
4220,1.18072e-06
4230,1.07343e-06
4240,9.69326e-07
4250,8.97654e-07
4260,8.12825e-07
4270,7.37264e-07
4280,6.46029e-07
4290,5.93973e-07
4300,5.39212e-07
4310,4.68837e-07
4320,4.25351e-07
4330,3.97793e-07
4340,3.54123e-07
4350,3.14427e-07
4360,2.84483e-07
4370,2.53182e-07
4380,2.22826e-07
4390,2.07296e-07
4400,1.79046e-07
4410,1.69874e-07
4420,1.53023e-07
4430,1.40438e-07
4440,1.20913e-07
4450,1.05926e-07
4460,9.82319e-08
4470,8.36284e-08
4480,7.39302e-08
4490,6.42382e-08
4500,5.98464e-08
4510,5.54986e-08
4520,5.19994e-08
4530,4.70195e-08
4540,4.38345e-08
4550,3.86488e-08
4560,3.5874e-08
4570,3.17191e-08
4580,2.8287e-08
4590,2.47282e-08
4600,2.17683e-08
4610,1.8868e-08
4620,1.57356e-08
4630,1.36898e-08
4640,1.13082e-08
4650,9.39068e-09
4660,7.60355e-09
4670,6.38891e-09
4680,6.20345e-09
4690,6.32559e-09
4700,6.43814e-09
4710,6.19268e-09
4720,6.30515e-09
4730,6.19807e-09
4740,6.10755e-09
4750,6.3158e-09
4760,6.12326e-09
4770,6.10292e-09
4780,6.03331e-09
4790,6.12694e-09
4800,6.16028e-09
4810,6.14783e-09
4820,6.05792e-09
4830,6.00007e-09
4840,6.03349e-09
4850,5.98238e-09
4860,6.05517e-09
4870,5.91595e-09
4880,6.04035e-09
4890,5.85829e-09
4900,5.91717e-09
4910,5.91854e-09
4920,5.8899e-09
4930,5.82086e-09
4940,5.74138e-09
4950,5.76095e-09
4960,5.37636e-09
4970,5.59507e-09
4980,5.52845e-09
4990,5.60223e-09
5000,5.67066e-09
5010,5.65368e-09
5020,5.27133e-09
5030,4.76123e-09
5040,4.64485e-09
5050,4.53027e-09
5060,4.63857e-09
5070,4.58767e-09
5080,4.63322e-09
5090,4.58527e-09
5100,4.46052e-09
5110,4.62166e-09
5120,4.72268e-09
5130,4.60548e-09
5140,4.54315e-09
5150,4.7278e-09
5160,4.46418e-09
5170,4.58667e-09
5180,4.51499e-09
5190,4.46008e-09
5200,4.33576e-09
5210,4.36073e-09
5220,4.19075e-09
5230,4.11984e-09
5240,3.89612e-09
5250,3.69417e-09
5260,3.77882e-09
5270,3.75112e-09
5280,3.84358e-09
5290,3.71873e-09
5300,3.7085e-09
5310,3.67727e-09
5320,3.72154e-09
5330,3.80685e-09
5340,3.59549e-09
5350,3.65902e-09
5360,3.58e-09
5370,3.54325e-09
5380,3.54391e-09
5390,3.48744e-09
5400,3.55102e-09
5410,3.47837e-09
5420,3.56241e-09
5430,3.48821e-09
5440,3.52309e-09
5450,3.36932e-09
5460,3.37256e-09
5470,3.26579e-09
5480,3.27879e-09
5490,3.27868e-09
5500,3.21152e-09
5510,3.1847e-09
5520,3.00524e-09
5530,2.99676e-09
5540,2.86843e-09
5550,2.9113e-09
5560,2.9192e-09
5570,2.91666e-09
5580,2.91839e-09
5590,2.90231e-09
5600,2.85294e-09
5610,2.77306e-09
5620,2.82193e-09
5630,2.7102e-09
5640,2.80004e-09
5650,2.74066e-09
5660,2.80668e-09
5670,2.79573e-09
5680,2.76573e-09
5690,2.65624e-09
5700,2.65016e-09
5710,2.62208e-09
5720,2.56521e-09
5730,2.5576e-09
5740,2.56996e-09
5750,2.56101e-09
5760,2.5678e-09
5770,2.55811e-09
5780,2.58516e-09
5790,2.5151e-09
5800,2.33371e-09
5810,2.36541e-09
5820,2.2941e-09
5830,2.16142e-09
5840,2.10408e-09
5850,2.07484e-09
5860,2.00961e-09
5870,2.02685e-09
5880,2.01633e-09
5890,2.03297e-09
5900,2.03245e-09
5910,2.01918e-09
5920,1.97304e-09
5930,2.02638e-09
5940,2.02753e-09
5950,2.01135e-09
5960,1.8901e-09
5970,1.93912e-09
5980,1.97753e-09
5990,1.96951e-09
6000,1.93279e-09
6010,1.9338e-09
6020,1.90524e-09
6030,1.94002e-09
6040,1.96797e-09
6050,1.9095e-09
6060,1.83125e-09
6070,1.89172e-09
6080,1.88114e-09
6090,1.85849e-09
6100,1.74851e-09
6110,1.80544e-09
6120,1.75168e-09
6130,1.77517e-09
6140,1.68683e-09
6150,1.69572e-09
6160,1.56089e-09
6170,1.53405e-09
6180,1.4761e-09
6190,1.48367e-09
6200,1.51162e-09
6210,1.50926e-09
6220,1.50338e-09
6230,1.54625e-09
6240,1.51861e-09
6250,1.48198e-09
6260,1.43501e-09
6270,1.39762e-09
6280,1.45598e-09
6290,1.44859e-09
6300,1.38053e-09
6310,1.39854e-09
6320,1.34758e-09
6330,1.35907e-09
6340,1.28465e-09
6350,1.28514e-09
6360,1.26027e-09
6370,1.29603e-09
6380,1.2738e-09
6390,1.30432e-09
6400,1.29202e-09
6410,1.24447e-09
6420,1.29359e-09
6430,1.28211e-09
6440,1.29267e-09
6450,1.27233e-09
6460,1.2402e-09
6470,1.15349e-09
6480,1.14602e-09
6490,1.10935e-09
6500,1.14483e-09
6510,1.11426e-09
6520,1.14946e-09
6530,1.15183e-09
6540,1.11618e-09
6550,1.12802e-09
6560,1.14809e-09
6570,1.11779e-09
6580,1.08167e-09
6590,9.8181e-10
6600,9.96236e-10
6610,9.79848e-10
6620,9.88177e-10
6630,9.71877e-10
6640,9.24974e-10
6650,9.14346e-10
6660,9.22035e-10
6670,9.37903e-10
6680,9.26956e-10
6690,8.60078e-10
6700,8.58197e-10
6710,8.6298e-10
6720,8.52597e-10
6730,8.59215e-10
6740,8.25322e-10
6750,8.67411e-10
6760,8.89949e-10
6770,8.57465e-10
6780,8.5737e-10
6790,8.77588e-10
6800,8.64984e-10
6810,8.87144e-10
6820,8.49034e-10
6830,8.78713e-10
6840,8.67153e-10
6850,8.32701e-10
6860,8.03119e-10
6870,8.16281e-10
6880,8.21747e-10
6890,7.99083e-10
6900,7.44662e-10
6910,7.35703e-10
6920,7.58418e-10
6930,7.33374e-10
6940,7.47942e-10
6950,7.64029e-10
6960,7.47322e-10
6970,6.93918e-10
6980,7.02306e-10
6990,6.93659e-10
7000,6.85719e-10
7010,6.78951e-10
7020,6.33883e-10
7030,6.46212e-10
7040,6.43383e-10
7050,6.48238e-10
7060,6.46251e-10
7070,6.42034e-10
7080,6.36616e-10
7090,6.40115e-10
7100,6.39762e-10
7110,6.53167e-10
7120,6.45207e-10
7130,6.50256e-10
7140,6.11694e-10
7150,5.50548e-10
7160,5.31529e-10
7170,5.45953e-10
7180,5.4792e-10
7190,5.29824e-10
7200,5.56468e-10
7210,5.37725e-10
7220,5.33086e-10
7230,5.52621e-10
7240,5.48923e-10
7250,5.30908e-10
7260,5.59761e-10
7270,5.23488e-10
7280,5.37887e-10
7290,5.47378e-10
7300,5.19229e-10
7310,5.03328e-10
7320,4.82343e-10
7330,5.01641e-10
7340,4.89236e-10
7350,5.02672e-10
7360,4.77725e-10
7370,4.50497e-10
7380,4.57302e-10
7390,4.37895e-10
7400,4.68355e-10
7410,4.52513e-10
7420,4.62883e-10
7430,4.10828e-10
7440,4.23839e-10
7450,4.32254e-10
7460,4.15767e-10
7470,4.27442e-10
7480,4.2085e-10
7490,4.05532e-10
7500,4.24001e-10
7510,4.15292e-10
7520,4.08981e-10
7530,4.22919e-10
7540,4.20376e-10
7550,4.21287e-10
7560,4.20494e-10
7570,4.16381e-10
7580,4.19928e-10
7590,4.18015e-10
7600,4.09049e-10
7610,4.3196e-10
7620,3.72074e-10
7630,3.75727e-10
7640,3.60886e-10
7650,3.67066e-10
7660,3.7522e-10
7670,3.83947e-10
7680,3.73293e-10
7690,3.73012e-10
7700,3.73317e-10
7710,3.69435e-10
7720,3.67617e-10
7730,3.75037e-10
7740,3.60456e-10
7750,3.49071e-10
7760,3.45895e-10
7770,3.42432e-10
7780,3.35672e-10
7790,3.40918e-10
7800,3.33185e-10
7810,3.19538e-10
7820,2.73673e-10
7830,2.18008e-10
7840,2.4927e-10
7850,2.21131e-10
7860,2.18291e-10
7870,2.19541e-10
7880,2.44213e-10
7890,2.31422e-10
7900,2.12191e-10
7910,2.31497e-10
7920,2.39804e-10
7930,2.19044e-10
7940,2.1561e-10
7950,2.4483e-10
7960,2.40423e-10
7970,2.21851e-10
7980,2.14355e-10
7990,2.51101e-10
8000,2.44724e-10
8010,2.32566e-10
8020,2.38792e-10
8030,2.1976e-10
8040,2.22017e-10
8050,2.29788e-10
8060,2.4498e-10
8070,2.20915e-10
8080,2.36733e-10
8090,2.12507e-10
8100,2.19636e-10
8110,2.30245e-10
8120,2.2003e-10
8130,2.2016e-10
8140,2.67805e-10
8150,2.40544e-10
8160,2.52603e-10
8170,2.1985e-10
8180,2.33187e-10
8190,2.14732e-10
8200,1.91082e-10
8210,2.06638e-10
8220,2.02902e-10
8230,1.88728e-10
8240,1.89166e-10
8250,1.90925e-10
8260,2.21324e-10
8270,1.84958e-10
8280,1.90497e-10
8290,1.91627e-10
8300,2.56344e-10
8310,3.46483e-10
8320,2.71188e-10
8330,2.63479e-10
8340,2.0792e-10
8350,1.65244e-10
8360,1.65684e-10
8370,1.6428e-10
8380,1.60876e-10
8390,1.62822e-10
8400,1.67158e-10
8410,1.64512e-10
8420,1.60635e-10
8430,1.60829e-10
8440,1.63758e-10
8450,1.63197e-10
8460,1.62223e-10
8470,1.61978e-10
8480,1.61644e-10
8490,1.66208e-10
8500,1.63024e-10
8510,1.65195e-10
8520,1.66024e-10
8530,1.63051e-10
8540,1.63986e-10
8550,1.63572e-10
8560,1.66583e-10
8570,1.6213e-10
8580,1.6552e-10
8590,1.65383e-10
8600,1.67883e-10
8610,1.63417e-10
8620,1.62459e-10
8630,1.60927e-10
8640,1.6597e-10
8650,1.63646e-10
8660,1.65569e-10
8670,1.62407e-10
8680,1.6369e-10
8690,1.45396e-10
8700,1.27789e-10
8710,1.33649e-10
8720,1.31118e-10
8730,1.31503e-10
8740,1.28275e-10
8750,1.24316e-10
8760,1.24904e-10
8770,1.24373e-10
8780,1.2472e-10
8790,1.2676e-10
8800,1.24287e-10
8810,1.30503e-10
8820,1.28307e-10
8830,1.2393e-10
8840,1.26203e-10
8850,1.25758e-10
8860,1.26244e-10
8870,1.27145e-10
8880,1.35709e-10
8890,2.89157e-10
8900,3.0972e-10
8910,1.77942e-10
8920,1.13382e-10
8930,2.52774e-10
8940,1.82128e-10
8950,1.78465e-10
8960,2.34595e-10
8970,1.24035e-10
8980,1.07919e-10
8990,1.31884e-10
9000,1.28516e-10
9010,9.50383e-11
9020,1.35863e-10
9030,1.60928e-10
9040,2.2828e-10
9050,1.38048e-10
9060,1.44643e-10
9070,1.87328e-10
9080,1.36415e-10
9090,1.38258e-10
9100,1.93105e-10
9110,2.18455e-10
9120,1.42421e-10
9130,1.47838e-10
9140,2.17994e-10
9150,1.61044e-10
9160,2.06672e-10
9170,2.90394e-10
9180,2.22199e-10
9190,9.54574e-11
9200,1.33547e-10
9210,1.93275e-10
9220,1.92001e-10
9230,1.90133e-10
9240,1.22286e-10
9250,1.28975e-10
9260,1.23991e-10
9270,1.59342e-10
9280,1.74422e-10
9290,1.2335e-10
9300,1.70425e-10
9310,2.57254e-10
9320,2.17897e-10
9330,1.39571e-10
9340,1.94172e-10
9350,2.18855e-10
9360,2.03096e-10
9370,2.46142e-10
9380,1.54985e-10
9390,1.21731e-10
9400,1.64995e-10
9410,2.05857e-10
9420,2.66506e-10
9430,1.8988e-10
9440,1.90916e-10
9450,1.34206e-10
9460,1.89394e-10
9470,1.53257e-10
9480,1.95327e-10
9490,1.07835e-10
9500,1.29865e-10
9510,2.18705e-10
9520,1.66765e-10
9530,1.89155e-10
9540,1.93938e-10
9550,1.83865e-10
9560,1.67011e-10
9570,1.88463e-10
9580,3.03893e-10
9590,1.81152e-10
9600,2.27491e-10
9610,1.84344e-10
9620,1.77301e-10
9630,1.97291e-10
9640,2.37745e-10
9650,2.68487e-10
9660,1.77722e-10
9670,1.60657e-10
9680,4.49091e-10
9690,3.83448e-10
9700,5.72862e-11
9710,2.78633e-10
9720,1.17629e-10
9730,2.67888e-10
9740,2.1226e-10
9750,3.69116e-10
9760,1.77265e-10
9770,2.37686e-10
9780,1.51426e-10
9790,2.52471e-10
9800,4.16085e-10
9810,4.08681e-10
9820,4.5083e-10
9830,2.22288e-10
9840,1.50662e-10
9850,1.35986e-10
9860,8.46597e-10
9870,9.07448e-10
9880,2.33811e-09
9890,3.47788e-09
9900,1.94416e-09
9910,1.2877e-09
9920,1.38408e-09
9930,6.7686e-10
9940,7.49259e-10
9950,1.88672e-09
9960,8.66805e-10
9970,2.97265e-08
9980,5.49634e-07
9990,2.24771e-05
10000,0.00204391
