0.183935 0.947466 -0.26168 180.826 0.0150832 0.0480493 0.0948873
-0.276022 0.24794 -0.928621 435.83 1.22634 1.44925 1.47345
-0.552835 -0.29526 0.779227 191.979 0.106047 0.0777267 0.057897
-0.227444 0.548323 -0.804743 411.985 0.966521 1.33616 1.4989
-0.865314 0.500887 -0.0185495 52.8244 0.222457 0.175478 0.125296
-0.231706 0.598998 0.766495 518.763 0.340689 0.247198 0.186381
0.0419525 0.187662 0.981337 260.536 0.137505 0.102257 0.0783225
-0.537303 0.544778 -0.643835 99.3443 0.217817 0.257943 0.253042
-0.384331 0.0685755 0.920645 123.266 0.256529 0.128286 0.0574431
-0.142576 -0.501202 -0.853504 28.3713 0.00104892 0.159913 0.209176
0.665669 0.73383 0.135563 150.808 0.698045 1.09671 1.38843
-0.255643 0.844571 -0.470475 63.3357 0.00181378 0.0810623 0.133834
0.977603 0.153345 0.144146 245.067 1.86177 1.94603 1.97104
0.245906 -0.968124 -0.0475987 88.4951 0.199518 0.131768 0.110334
0.68903 -0.642525 -0.33526 47.9642 0.23841 0.172911 0.136168
0.55053 0.805641 -0.218767 450.39 0.44706 0.795544 1.09745
-0.801748 -0.14617 0.579513 127.768 0.132965 0.223938 0.238759
0.156748 0.74594 -0.647305 4.83234 0.277668 0.000370458 0.00509084
0.496691 -0.866689 0.0463394 40.4024 0.0816558 0.00558287 0.00381299
0.696002 -0.181072 0.694834 31.5214 0.405875 0.349639 0.310611
0.878957 -0.261537 0.398789 42.9437 0.300478 0.236828 0.215191
-0.0269026 -0.278707 0.959999 88.0374 0.171918 0.181127 0.177336
-0.902474 -0.329594 -0.277325 49.6738 0.28029 0.224972 0.197808
-0.253671 -0.965576 0.0575639 183.242 0.171171 0.0992605 0.0623808
-0.582904 -0.286364 -0.760407 25.5098 0.369914 0.355213 0.340067
-0.0185109 0.856433 -0.515926 242.333 0.0172656 0.0802637 0.104691
0.188811 -0.803306 0.564845 175.91 0.0516074 0.0543674 0.0446786
-0.00671224 -0.992828 -0.119362 459.425 0.0168077 0.0883711 0.152179
-0.149919 -0.525279 -0.837619 21.4362 0.349424 0.100623 0.00237127
0.124213 -0.667419 -0.73425 181.731 0.0662574 0.0595844 0.0499909
0.886845 0.369951 0.276845 277.189 1.07136 1.64015 1.94695
-0.498338 -0.849255 -0.17443 32.5896 0.17861 0.113713 0.0804515
0.957355 -0.288216 -0.020077 39.3923 0.334869 0.254691 0.234692
-0.360641 0.633703 0.684368 423.197 0.307962 0.225723 0.173102
-0.835734 -0.355547 0.418492 39.3233 0.17274 0.0572872 0.0104202
-0.736586 0.452486 -0.50269 82.7772 0.225389 0.279826 0.303713
-0.0968262 0.561586 -0.821734 414.697 0.862226 1.28832 1.51011
0.529488 0.74893 0.398429 59.8744 0.203118 0.180657 0.129518
0.666814 0.481557 -0.568738 234.167 0.974468 1.45641 1.77116
0.0316729 -0.952596 -0.302586 75.5466 0.183172 0.111804 0.0929943
-0.85806 -0.0379359 -0.512147 102.094 0.273874 0.234929 0.212889
-0.337419 0.485906 0.806253 189.465 0.156991 0.128369 0.115777
0.532056 0.487585 -0.692226 279.22 0.835675 1.24339 1.52358
-0.357087 -0.933515 -0.0322192 87.0239 0.130524 0.0817444 0.0581312
-0.137327 -0.875957 0.462429 342.06 0.113866 0.0640172 0.016496
-0.779784 0.585461 -0.221749 134.387 0.0915964 0.104756 0.0837725
-0.535351 -0.747516 0.393217 141.927 0.0901338 0.214527 0.286056
0.844301 0.251202 0.473343 384.074 0.244281 0.213972 0.174284
0.170136 0.284271 0.943527 78.0919 0.184305 0.151222 0.126102
0.0480089 -0.0685742 0.99649 299.36 0.196731 0.146181 0.115542
0.447136 0.627932 0.637001 47.8507 0.268446 0.248934 0.211561
0.720165 0.349123 -0.599563 252.172 1.19351 1.55279 1.74844
-0.675611 0.65046 0.347061 388.422 0.215325 0.161323 0.11899
0.395178 -0.820679 -0.4127 26.9588 0.260366 0.174748 0.118941
-0.152069 -0.105038 0.982773 189.785 0.263862 0.203886 0.180199
0.134866 -0.381439 0.914503 198.81 0.137555 0.129572 0.127316
-0.499674 0.774946 -0.387019 122.203 0.1555 0.137553 0.0968735
-0.832846 -0.193923 -0.518422 229.78 0.211858 0.163277 0.132724
0.307653 0.442384 -0.842405 393.884 1.16408 1.66562 1.95426
-0.811632 0.193348 -0.551244 57.317 0.280583 0.288486 0.289425
-0.280618 -0.259425 -0.924095 175.723 0.189905 0.168104 0.16443
-0.983803 -0.176826 0.0294096 36.6143 0.283612 0.246887 0.232273
0.893099 0.395704 -0.21399 190.236 1.06087 1.51561 1.83157
0.372061 -0.0910508 -0.923732 525.878 0.451115 0.399568 0.164853
0.439248 -0.620008 0.650116 70.3118 0.129281 0.169182 0.176256
0.563639 0.191043 -0.803625 221.464 0.458781 0.44077 0.311242
-0.515604 0.666171 0.538858 684.636 0.580638 0.395818 0.297233
0.854143 0.51866 -0.0378335 320.806 0.11182 0.194673 0.195744
0.949968 0.284832 0.128184 317.873 1.19372 1.54411 1.72059
0.969067 -0.127798 -0.211131 440.385 2.28719 1.70067 1.3365
-0.677536 -0.525996 -0.514075 55.977 0.186171 0.185498 0.18058
-0.541024 0.739617 0.400325 136.381 0.119095 0.0848358 0.0593393
-0.246093 0.143714 -0.958533 279.058 1.88905 1.73604 1.68856
0.297143 0.817203 0.493848 132.452 0.0874351 0.0713525 0.0405879
0.935088 -0.235004 0.265297 564.672 1.08592 0.89544 0.513205
0.611478 -0.639681 0.465729 209.091 0.110068 0.129116 0.144607
0.136155 -0.97156 0.193734 224.981 0.156973 0.0832154 0.0515345
-0.0248343 -0.715801 0.697863 43.7603 0.149674 0.117596 0.0972451
0.934198 -0.0193712 -0.356229 200.768 1.69044 1.37637 0.942098
-0.151774 0.682513 -0.714942 133.268 0.829013 1.27687 1.51151
-0.902685 0.00096755 0.430301 260.396 0.228118 0.177672 0.166569
0.941613 -0.252414 -0.222829 401.16 1.94998 1.58288 1.01248
0.557549 0.686637 -0.466549 374.048 0.58192 1.0279 1.30329
0.410973 0.805939 -0.426102 131.289 0.596075 0.982313 1.30656
-0.157667 0.350224 0.923301 123.616 0.139039 0.130508 0.116817
-0.825553 0.27489 0.492846 90.4081 0.163345 0.109595 0.0656498
0.447435 -0.216846 0.867629 206.001 0.180931 0.14237 0.125659
0.21534 -0.25447 -0.942801 465 0.722051 0.600961 0.246371
-0.364528 0.744022 0.559956 93.0113 0.149521 0.112286 0.0822739
0.437096 -0.726417 0.530344 214.783 0.0695533 0.119042 0.139955
-0.0711747 -0.882458 -0.464976 69.3865 0.162887 0.123239 0.109864
-0.956942 0.181451 -0.226578 70.7341 0.143348 0.199193 0.240504
0.657896 0.620312 0.427066 118.938 0.181685 0.188958 0.185601
0.90891 0.184798 -0.373809 339.412 1.73344 1.89013 1.86481
0.698816 0.70128 -0.140934 513.191 0.291149 0.490406 0.618503
-0.967586 0.150236 0.202994 121.578 0.302971 0.256941 0.218545
-0.736754 0.20812 0.643335 450.652 0.245618 0.242139 0.271459
0.580435 0.367124 -0.726853 198.369 1.21638 1.5542 1.66675
0.797999 -0.0892893 -0.596008 821.958 1.71292 1.24201 1.06326
-0.468329 -0.11058 0.876607 261.172 0.159154 0.09265 0.0587945
0.867574 -0.425187 -0.257938 151.551 0.206648 0.152251 0.119412
-0.99009 0.137368 -0.0291712 208.995 0.229877 0.186017 0.158358
0.502052 0.329808 0.799482 31.4188 0.351917 0.314889 0.280585
0.102609 -0.993456 -0.0501734 419.049 0.0100479 0.102016 0.140339
0.26739 -0.175103 0.947545 26.9807 0.0681024 0.0166882 0.00133147
0.977332 -0.0164669 -0.211071 438.827 1.71462 1.3278 0.978251
0.60336 -0.52568 -0.599681 185.179 0.282447 0.236752 0.199078
0.993521 0.0348204 0.108183 727.925 1.81995 1.31962 0.967487
-0.709733 -0.271624 0.65 214.039 0.00208151 0.232883 0.277916
0.0142948 0.8477 0.530284 21.9188 0.204545 0.161046 0.125197
0.689384 0.459069 0.560362 82.8908 0.272162 0.246795 0.229529
-0.147351 0.0463349 -0.987998 146.234 0.660891 0.637275 0.371778
0.85303 0.108548 0.510447 210.043 0.276787 0.238481 0.2196
0.181907 0.789375 -0.586343 232.462 0.505849 0.825549 1.09554
-0.106712 0.37664 -0.920193 393.482 1.2318 1.63256 1.82772
-0.451433 -0.46904 0.759084 81.8802 0.00255711 0.0844145 0.109014
0.107593 -0.979324 -0.171312 160.57 0.0981502 0.0784854 0.0394447
0.632295 -0.0140071 -0.774601 86.6931 0.842759 0.805095 0.468032
-0.39261 -0.897796 0.199547 122.221 0.114549 0.0731086 0.0498642
0.175337 0.324803 -0.929387 180.461 0.534799 0.528371 0.336153
0.0595054 -0.992873 0.103255 268.307 0.0535654 0.0780901 0.099472
-0.533382 -0.836298 0.126925 121.327 0.10808 0.074815 0.0523876
-0.949269 0.161856 -0.269613 22.0155 0.352388 0.135093 0.00120209
-0.00835638 0.546467 0.837439 29.2221 0.110155 0.153563 0.143273
0.931944 0.132784 0.337415 475.068 0.924132 0.815744 0.800445
-0.974994 -0.0202375 0.221309 237.835 0.259039 0.212154 0.190743
0.712657 0.115834 0.691884 50.1287 0.287484 0.226535 0.192843
0.357773 0.893378 0.271798 52.0733 0.0941958 0.101676 0.0971683
0.966529 -0.208256 0.14984 221.668 0.821117 0.799736 0.376536
-0.0887767 -0.966461 0.240979 109.2 0.219579 0.136456 0.0926323
0.797939 0.591098 0.117881 292.63 0.815187 1.28355 1.61091
-0.94679 -0.177225 0.268664 218.666 0.190416 0.202328 0.214655
0.791178 -0.56538 0.233199 38.2741 0.324602 0.230771 0.178903
-0.773017 0.607986 0.181099 444.791 0.223248 0.161674 0.116143
0.992539 -0.0647788 0.103298 572.654 0.939434 0.824703 0.49475
0.451763 -0.0684462 0.889508 226.171 0.246605 0.204083 0.174828
-0.624653 0.642149 -0.444357 113.657 0.243556 0.267382 0.248479
0.0235831 0.0657422 0.997558 257.434 0.240012 0.160098 0.102121
0.927293 0.232279 0.293555 301.045 1.49147 1.77996 1.89567
-0.0138255 0.92905 -0.369696 87.6277 0.0425638 0.0818757 0.117891
0.178478 -0.167061 0.969658 108.205 0.245852 0.198602 0.156957
0.532478 -0.280164 -0.798733 538.93 0.868346 0.727907 0.382646
-0.65533 -0.572905 0.492264 105.572 0.17252 0.311751 0.375096
0.1525 0.977585 0.14516 19.7043 0.214964 0.193912 0.141313
0.789122 0.559668 0.253098 594.899 0.79305 1.2391 1.49663
-0.457294 0.123165 -0.880746 178.236 0.267847 0.233683 0.187482
0.681078 0.682392 -0.265468 226.635 0.575466 1.03776 1.32346
0.682229 0.181897 -0.70815 221.279 0.575472 0.581169 0.274433
0.623651 0.262355 -0.736363 618.592 0.94424 1.11584 1.32366
0.0760959 0.452295 0.888616 9.35768 0.23122 0.08069 0.000329872
-0.434949 0.695837 -0.571516 151.151 0.188039 0.230908 0.224936
-0.657067 0.0479358 0.752307 74.4575 0.397733 0.263776 0.163983
0.61606 0.774789 -0.14203 391.707 0.359404 0.649707 0.866044
0.821541 0.460611 -0.336016 357.967 0.93171 1.40732 1.72771
-0.453815 -0.599128 -0.65962 141.269 0.129675 0.138902 0.146381
0.210503 0.658529 -0.722515 140.014 0.728649 1.21353 1.5288
-0.636977 0.0457052 -0.769527 43.2005 0.36178 0.289193 0.243273
-0.380818 0.894703 0.23342 15.1723 0.335225 0.251598 0.172765
-0.223987 -0.783113 0.580141 53.3686 0.169853 0.114755 0.0878598
-0.674915 0.357662 0.645421 65.1095 0.222283 0.150783 0.087001
0.909768 0.397133 0.120863 406.459 1.06145 1.46397 1.79194
0.310146 -0.598955 -0.738284 34.008 0.280777 0.212286 0.17233
-0.480345 0.291996 0.827047 33.6829 0.266818 0.184647 0.113808
-0.186012 0.0618415 0.980599 129.21 0.457549 0.437073 0.441633
0.14111 0.902353 -0.407244 236.702 0.0207326 0.0574515 0.0999264
0.997061 0.0297145 -0.070614 188.24 0.239269 0.226519 0.201778
-0.104097 -0.243865 -0.964206 415.248 0.48363 0.425903 0.285066
-0.0798348 0.756396 -0.649223 605.918 0.415707 0.671027 0.880906
-0.407505 0.46034 -0.788687 228.826 0.00490039 0.127514 0.245698
0.786084 -0.609472 -0.103031 45.8077 0.254412 0.173629 0.123684
0.766282 0.621365 -0.163455 476.478 0.537802 0.950803 1.19156
0.671318 -0.489573 0.556463 55.3731 0.193063 0.202689 0.198495
0.234229 -0.157992 -0.959258 25.328 0.454123 0.392938 0.319712
-0.884063 0.400798 -0.240404 113.475 0.146692 0.154018 0.147953
-0.860307 0.410504 0.302256 29.1958 0.376232 0.257255 0.160388
-0.120018 0.248815 -0.961086 279.12 1.68855 1.83563 1.84913
-0.0304455 0.986567 -0.160496 30.3782 0.140729 0.157013 0.13405
0.186434 0.429751 -0.883491 702.158 0.859874 1.21172 1.54675
0.920998 -0.118703 -0.371043 293.472 1.8482 1.33677 1.0844
-0.701598 -0.239469 0.67113 224.431 0.306507 0.0552976 0.00169812
-0.547772 -0.681165 -0.485757 198.979 0.120247 0.133164 0.146807
0.00808785 0.307804 0.951415 165.111 0.0575867 0.0483764 0.0256799
-0.310385 -0.165 0.936182 57.6262 0.22781 0.193718 0.174305
0.335565 0.108611 0.935735 97.4288 0.136048 0.0499747 0.000239848
0.330378 -0.899751 0.285127 36.3934 0.194747 0.156002 0.131977
0.466596 -0.432662 -0.771422 173.729 0.311897 0.318344 0.333601
-0.292896 -0.887874 0.354812 72.5441 0.183444 0.120783 0.0886486
-0.388301 -0.651785 0.651458 118.987 0.0439313 0.0746451 0.0822167
-0.415693 -0.0888001 -0.905159 121.644 0.225464 0.184443 0.154207
0.201027 0.0452834 0.978539 95.8766 0.256666 0.218843 0.195736
0.0418542 -0.908655 0.415444 72.4557 0.161621 0.106417 0.0785278
0.347634 -0.282791 -0.893969 584.722 1.25762 0.994635 0.407462
-0.447182 0.287257 -0.847061 275.394 0.241767 0.214257 0.171454
-0.954687 0.295931 -0.0315973 136.206 0.194894 0.170075 0.15121
-0.195898 0.717873 0.668044 162.125 0.0795876 0.0619685 0.0542729
0.897151 -0.267149 -0.351784 395.576 2.45961 1.91181 1.4162
0.843624 0.534265 -0.0534721 6.10126 0.247564 0.095429 0.00514367
-0.121189 0.222706 0.967324 469.699 0.440344 0.374905 0.351029
-0.397062 0.454462 -0.797374 161.743 0.263298 0.162878 0.00569999
-0.245352 -0.13526 -0.959952 632.972 0.943363 0.80011 0.426918
0.771218 0.263815 0.579331 126.668 0.186872 0.170823 0.155142
0.766485 0.50613 0.39539 271.069 0.205137 0.204198 0.17465
-0.771707 -0.625163 0.116784 18.6682 0.269869 0.160301 0.105651
-0.929746 0.106058 0.352595 161.258 0.212226 0.102441 0.0378886
0.514433 0.845613 -0.14247 152.724 0.130791 0.17424 0.150346
-0.729081 0.497639 -0.46989 21.7048 0.192235 0.0814476 0.00139303
0.22006 0.819306 -0.529445 10.2107 0.000431363 0.118665 0.00494094
0.439367 0.895785 0.0672715 169.983 0.0471075 0.0806937 0.0934694
-0.0111115 -0.472524 0.881248 21.762 0.123347 0.0408459 0.00211143
-0.399538 0.591184 -0.700622 336.776 0.192819 0.222516 0.187457
0.345374 0.284835 -0.894196 153.941 0.43057 0.465077 0.247201
0.0748781 0.505949 -0.859307 155.566 0.170276 0.247456 0.183889
0.756486 0.233889 -0.610757 371.246 1.52774 1.7243 1.75971
-0.721136 -0.618545 -0.312033 24.2005 0.125415 0.0516348 0.021259
0.881213 0.361218 0.304934 149.88 0.172219 0.00391198 0.00462873
-0.120732 -0.99265 -0.00830308 308.055 0.0514242 0.0619098 0.068532
-0.890896 -0.136521 0.433204 251.813 0.260948 0.198421 0.184165
0.874941 0.322087 -0.361578 350.58 1.21613 1.61294 1.83059
0.31398 0.94474 -0.094252 63.6513 0.0738373 0.115592 0.140141
0.798263 0.378499 0.468524 333.48 0.195119 0.205028 0.180981
-0.376718 0.897473 -0.229401 27.9402 0.207569 0.196943 0.138979
-0.179815 -0.514887 0.838187 79.1261 0.113483 0.14467 0.171624
-0.50296 0.543023 0.672426 127.958 0.208805 0.160298 0.118212
0.224473 0.123858 -0.966577 55.5079 0.407559 0.449855 0.302086
-0.292061 -0.015285 -0.956278 480.669 0.648891 0.535056 0.412818
-0.248284 0.222089 0.942885 164.151 0.234306 0.209777 0.179849
-0.304069 0.785096 -0.539599 43.3654 0.127374 0.0914108 0.00453306
-0.977831 -0.0572229 -0.201427 99.1958 0.185232 0.179695 0.193364
-0.148828 -0.981965 -0.116594 224.397 0.195594 0.116594 0.0757405
-0.316804 -0.833265 -0.453106 52.9845 0.184455 0.115367 0.0865775
0.76709 -0.449515 -0.457722 154.896 0.4144 0.402074 0.392884
-0.664854 -0.418341 0.618838 264.619 0.229979 0.261015 0.275325
-0.583953 0.331978 -0.740804 60.5782 0.329231 0.303524 0.267925
-0.218515 -0.94427 -0.246181 134.042 0.153994 0.107377 0.0866752
0.845876 -0.0499756 0.531034 187.753 0.168544 0.143405 0.130385
-0.24895 0.359474 -0.899334 352.942 1.38899 1.72391 1.89414
-0.78479 -0.38902 0.48246 166.993 0.153752 0.27364 0.306787
-0.452237 -0.483123 0.749716 28.8162 0.252517 0.0794587 0.00020603
0.350064 -0.727901 0.589589 15.7164 0.151729 0.0423556 0.00110799
-0.656916 0.560603 0.504168 102.816 0.195786 0.135248 0.0934733
-0.541979 -0.716735 0.438805 35.6735 0.13049 0.0444998 0.00172932
0.813676 -0.245902 -0.526748 181.073 0.442679 0.385829 0.307408
0.785058 0.0159712 -0.619216 183.764 1.13886 1.03559 0.577155
0.458954 -0.888111 0.0248877 83.1165 0.0768969 0.0953631 0.086345
0.961045 -0.0216199 0.275544 133.311 1.24009 1.05757 0.638367
0.729887 0.641991 0.234762 584.547 0.491827 0.77108 0.973625
0.447496 0.683231 -0.577012 350.271 0.600879 1.05408 1.33705
0.374809 -0.409361 0.83183 39.2315 0.21758 0.196116 0.172692
-0.625663 -0.133556 0.768576 253.377 0.168361 0.153524 0.149213
-0.122037 -0.149551 -0.981194 339.353 1.05201 0.887782 0.52272
-0.682957 0.726936 -0.0716522 37.1767 0.221199 0.161786 0.114998
-0.781391 -0.324552 -0.533005 290.767 0.16536 0.127988 0.102882
-0.650628 0.731592 0.203608 92.2211 0.104099 0.0733649 0.0516337
0.457358 0.0938285 0.884319 142.6 0.153469 0.153821 0.151243
0.951476 0.207798 -0.226966 186.987 1.72332 1.93694 1.95383
-0.831469 0.0662249 0.551609 86.8703 0.324503 0.230895 0.145402
